

        ID_INST     ID_BAND     ID_CLUSTER  FLUX            DET_ML          DIST_NN
                                            cgs                             arcsec
      1           0           0           1   3.9710561E-12   8.6225797E+04   4.6374519E+01
      2           1           1           1   4.5878362E-12   5.1990867E+04   4.6374519E+01
      3           2           1           1   3.5024392E-12   1.6702680E+04   4.6374519E+01
      4           3           1           1   3.4218043E-12   1.7523928E+04   4.6374519E+01
      5           0           0           2   5.1610341E-14   6.8046179E+02   1.0377975E+02
      6           1           1           2   6.0849614E-14   5.2277747E+02   1.0377975E+02
      7           2           1           2   3.3684325E-14   1.1852241E+01   1.0377975E+02
      8           3           1           2   4.1156741E-14   1.4801817E+02   1.0377975E+02
      9           0           0           3   6.8880577E-14   5.9828857E+02   1.5375658E+02
     10           1           1           3   7.8841691E-14   3.7984766E+02   1.5375658E+02
     11           2           1           3   6.9195504E-14   1.2514238E+02   1.5375658E+02
     12           3           1           3   5.2988331E-14   9.4571930E+01   1.5375658E+02
     13           0           0           4 INDEF             3.8874265E+02   4.2603230E+01
     14           1           1           4   5.3313351E-14   3.6584476E+02   4.2603230E+01
     15           2           1           4 INDEF           INDEF             4.2603230E+01
     16           3           1           4   3.8665811E-14   2.4036333E+01   4.2603230E+01
     17           0           0           5 INDEF             3.8418607E+02   4.2603230E+01
     18           1           1           5   4.7011558E-14   2.6606094E+02   4.2603230E+01
     19           2           1           5 INDEF           INDEF             4.2603230E+01
     20           3           1           5   4.5289205E-14   1.1865073E+02   4.2603230E+01
     21           0           0           6 INDEF             2.9907877E+02   2.1092262E+02
     22           1           1           6   4.5520035E-14   2.3652272E+02   2.1092262E+02
     23           2           1           6 INDEF           INDEF             2.1092262E+02
     24           3           1           6   2.6626970E-14   6.3198345E+01   2.1092262E+02
     25           0           0           7   2.0165149E-14   2.4713176E+02   1.2731284E+02
     26           1           1           7   2.6535054E-14   1.5151109E+02   1.2731284E+02
     27           2           1           7   1.9754435E-14   6.1317730E+01   1.2731284E+02
     28           3           1           7   1.3933002E-14   3.5543850E+01   1.2731284E+02
     29           0           0           8   4.4847379E-14   3.1679886E+02   2.4541590E+01
     30           1           1           8   5.8743686E-14   2.2078516E+02   2.4541590E+01
     31           2           1           8   2.8898406E-14   3.1179014E+01   2.4541590E+01
     32           3           1           8   4.3011039E-14   6.6276924E+01   2.4541590E+01
     33           0           0           9   1.4956052E-14   1.6167992E+02   6.2437748E+01
     34           1           1           9   1.7055286E-14   7.5095886E+01   6.2437748E+01
     35           2           1           9   1.4183499E-14   4.3945599E+01   6.2437748E+01
     36           3           1           9   1.3489916E-14   4.3668262E+01   6.2437748E+01
     37           0           0          10 INDEF             1.5606358E+02   9.2388756E+01
     38           1           1          10   2.0881263E-14   7.9475410E+01   9.2388756E+01
     39           2           1          10 INDEF           INDEF             9.2388756E+01
     40           3           1          10   2.8733956E-14   7.7033768E+01   9.2388756E+01
     41           0           0          11   1.3613630E-14   1.4943251E+02   8.2595100E+01
     42           1           1          11   1.3538974E-14   6.8425644E+01   8.2595100E+01
     43           2           1          11   1.3926573E-14   3.9943935E+01   8.2595100E+01
     44           3           1          11   1.3454998E-14   4.2086823E+01   8.2595100E+01
     45           0           0          12   1.3794445E-13   6.8927124E+01   4.6374519E+01
     46           1           1          12   1.7854979E-13   5.4288334E+01   4.6374519E+01
     47           2           1          12   1.0132678E-13   9.6295872E+00   4.6374519E+01
     48           3           1          12   9.7421494E-14   4.3668928E+00   4.6374519E+01
     49           0           0          13   2.0762190E-14   1.5742184E+02   7.9662895E+01
     50           1           1          13   2.1320998E-14   7.1782143E+01   7.9662895E+01
     51           2           1          13   2.0423936E-14   4.4885952E+01   7.9662895E+01
     52           3           1          13   2.0266044E-14   4.1777843E+01   7.9662895E+01
     53           0           0          14   9.0901153E-15   9.0760269E+01   6.5782379E+01
     54           1           1          14   1.3141439E-14   5.8308598E+01   6.5782379E+01
     55           2           1          14   7.8775216E-15   1.7624062E+01   6.5782379E+01
     56           3           1          14   6.6057550E-15   1.6038593E+01   6.5782379E+01
     57           0           0          15   1.6850182E-14   1.0348654E+02   4.6532246E+01
     58           1           1          15   1.7929224E-14   5.2676418E+01   4.6532246E+01
     59           2           1          15   2.0638539E-14   3.4777172E+01   4.6532246E+01
     60           3           1          15   1.2839729E-14   1.7136822E+01   4.6532246E+01
     61           0           0          16 INDEF             1.1578349E+02   2.8067215E+01
     62           1           1          16   1.8912050E-14   7.7280220E+01   2.8067215E+01
     63           2           1          16 INDEF           INDEF             2.8067215E+01
     64           3           1          16   1.4840514E-14   3.8998974E+01   2.8067215E+01
     65           0           0          18 INDEF             1.4314542E+02   1.6999185E+02
     66           1           1          18   3.4073848E-14   8.5930687E+01   1.6999185E+02
     67           2           1          18 INDEF           INDEF             1.6999185E+02
     68           3           1          18   3.4181537E-14   5.7677956E+01   1.6999185E+02
     69           0           0          19 INDEF             7.1437965E+01   7.8661949E+01
     70           1           1          19   1.7095656E-14   5.7578453E+01   7.8661949E+01
     71           2           1          19 INDEF           INDEF             7.8661949E+01
     72           3           1          19   1.3214905E-14   1.4488535E+01   7.8661949E+01
     73           0           0          20   5.2734912E-15   4.5365101E+01   4.2866798E+01
     74           1           1          20   8.2592268E-15   3.4843441E+01   4.2866798E+01
     75           2           1          20   4.4500422E-15   6.6128092E+00   4.2866798E+01
     76           3           1          20   3.3003309E-15   5.2870049E+00   4.2866798E+01
     77           0           0          21   1.2062207E-14   5.9549633E+01   3.2565128E+01
     78           1           1          21   1.4246051E-14   2.7886580E+01   3.2565128E+01
     79           2           1          21   2.0178724E-14   2.6021467E+01   3.2565128E+01
     80           3           1          21   6.7358139E-15   6.8007736E+00   3.2565128E+01
     81           0           0          23 INDEF             7.6922409E+01   7.6993744E+01
     82           1           1          23   2.0174417E-14   7.0381836E+01   7.6993744E+01
     83           2           1          23 INDEF           INDEF             7.6993744E+01
     84           3           1          23   7.0728390E-15   7.4262652E+00   7.6993744E+01
     85           0           0          24 INDEF             7.8285660E+01   7.1069427E+01
     86           1           1          24   5.0922167E-14   7.8285660E+01   7.1069427E+01
     87           2           1          24 INDEF           INDEF             7.1069427E+01
     88           3           1          24 INDEF           INDEF             7.1069427E+01
     89           0           0          25   6.6493501E-15   4.0755997E+01   8.2162621E+01
     90           1           1          25   6.3907624E-15   1.8802559E+01   8.2162621E+01
     91           2           1          25   5.3046506E-15   5.7509322E+00   8.2162621E+01
     92           3           1          25   9.2686453E-15   1.7279455E+01   8.2162621E+01
     93           0           0          27   1.0449930E-14   4.5574406E+01   6.6494583E+01
     94           1           1          27   1.4024050E-14   2.9545383E+01   6.6494583E+01
     95           2           1          27   6.8410455E-15   5.8674874E+00   6.6494583E+01
     96           3           1          27   1.0490960E-14   1.1357828E+01   6.6494583E+01
     97           0           0          28   9.7975573E-15   4.5798252E+01   1.0033769E+02
     98           1           1          28   1.1385550E-14   2.5506699E+01   1.0033769E+02
     99           2           1          28   9.2154855E-15   8.6228018E+00   1.0033769E+02
    100           3           1          28   8.1415020E-15   1.2734636E+01   1.0033769E+02
    101           0           0          29   4.3145055E-15   4.0339783E+01   1.2731284E+02
    102           1           1          29   8.1210783E-15   3.0716774E+01   1.2731284E+02
    103           2           1          29   5.4651053E-15   1.0147754E+01   1.2731284E+02
    104           3           1          29   1.6484267E-15   1.0953734E+00   1.2731284E+02
    105           0           0          30 INDEF             6.8379730E+01   2.5575606E+02
    106           1           1          30 INDEF           INDEF             2.5575606E+02
    107           2           1          30 INDEF           INDEF             2.5575606E+02
    108           3           1          30   4.4782242E-14   6.8379730E+01   2.5575606E+02
    109           0           0          31   1.1418046E-14   3.0670044E+01   2.4541590E+01
    110           1           1          31   1.1874378E-14   1.4001326E+01   2.4541590E+01
    111           2           1          31   1.4253528E-14   1.1948634E+01   2.4541590E+01
    112           3           1          31   8.6149205E-15   5.7166991E+00   2.4541590E+01
    113           0           0          32 INDEF             4.6782269E+01   7.1069427E+01
    114           1           1          32   9.8363321E-14   4.6782269E+01   7.1069427E+01
    115           2           1          32 INDEF           INDEF             7.1069427E+01
    116           3           1          32 INDEF           INDEF             7.1069427E+01
    117           0           0          33 INDEF             3.1668598E+01   6.5563614E+01
    118           1           1          33   7.5751054E-15   1.8468889E+01   6.5563614E+01
    119           2           1          33 INDEF           INDEF             6.5563614E+01
    120           3           1          33   9.3768656E-15   1.3633783E+01   6.5563614E+01
    121           0           0          35   1.1979943E-14   4.0062943E+01   7.0206627E+01
    122           1           1          35   1.9567710E-14   3.2649376E+01   7.0206627E+01
    123           2           1          35   1.0364528E-14   7.4568510E+00   7.0206627E+01
    124           3           1          35   5.5803162E-15   1.5666987E+00   7.0206627E+01
    125           0           0          36   7.2764628E-15   3.6767818E+01   9.8215416E+01
    126           1           1          36   8.1745964E-15   2.2650078E+01   9.8215416E+01
    127           2           1          36   7.5305591E-15   8.8377056E+00   9.8215416E+01
    128           3           1          36   5.6898180E-15   6.3841109E+00   9.8215416E+01
    129           0           0          37 INDEF             4.2713348E+01   1.5293347E+02
    130           1           1          37   1.3778285E-14   3.1176773E+01   1.5293347E+02
    131           2           1          37 INDEF           INDEF             1.5293347E+02
    132           3           1          37   1.2931911E-14   1.2056351E+01   1.5293347E+02
    133           0           0          38 INDEF             4.9351994E+01   7.1542313E+01
    134           1           1          38   1.2363988E-14   4.1610184E+01   7.1542313E+01
    135           2           1          38 INDEF           INDEF             7.1542313E+01
    136           3           1          38   8.9258884E-15   8.4115820E+00   7.1542313E+01
    137           0           0          39   1.0125534E-14   3.0689478E+01   9.1733200E+01
    138           1           1          39   1.3093407E-14   2.3632767E+01   9.1733200E+01
    139           2           1          39   9.1596686E-15   5.1970143E+00   9.1733200E+01
    140           3           1          39   6.7265978E-15   3.1811173E+00   9.1733200E+01
    141           0           0          40 INDEF             3.9602676E+01   9.2910149E+01
    142           1           1          40   2.1959648E-14   2.5393639E+01   9.2910149E+01
    143           2           1          40 INDEF           INDEF             9.2910149E+01
    144           3           1          40   1.6617474E-14   1.4668989E+01   9.2910149E+01
    145           0           0          41 INDEF             3.6970993E+01   6.6304756E+01
    146           1           1          41   1.4314657E-14   3.4396748E+01   6.6304756E+01
    147           2           1          41 INDEF           INDEF             6.6304756E+01
    148           3           1          41   8.3205283E-15   3.4164376E+00   6.6304756E+01
    149           0           0          42   4.6038049E-15   2.8762793E+01   6.5782379E+01
    150           1           1          42   7.1156341E-15   2.4909096E+01   6.5782379E+01
    151           2           1          42   2.9122456E-15   2.0014381E+00   6.5782379E+01
    152           3           1          42   3.1441975E-15   3.3792210E+00   6.5782379E+01
    153           0           0          43   6.2098755E-15   2.0342134E+01   1.4492574E+02
    154           1           1          43   4.9589934E-15   6.2060604E+00   1.4492574E+02
    155           2           1          43   5.9329690E-15   4.4031944E+00   1.4492574E+02
    156           3           1          43   1.0552449E-14   1.0693110E+01   1.4492574E+02
    157           0           0          44 INDEF             3.3348583E+01   1.9760194E+02
    158           1           1          44 INDEF           INDEF             1.9760194E+02
    159           2           1          44   1.6650230E-14   2.1010864E+01   1.9760194E+02
    160           3           1          44   1.2927244E-14   1.2788054E+01   1.9760194E+02
    161           0           0          45   2.9195150E-15   3.3908394E+01   7.1542313E+01
    162           1           1          45   9.4785968E-15   2.3395325E+01   7.1542313E+01
    163           2           1          45   9.0942302E-15   1.2534039E+01   7.1542313E+01
    164           3           1          45   1.7310393E-16   4.3449303E-04   7.1542313E+01
    165           0           0          46 INDEF             2.1177374E+01   2.0021742E+02
    166           1           1          46   1.5893404E-14   2.1177374E+01   2.0021742E+02
    167           2           1          46 INDEF           INDEF             2.0021742E+02
    168           3           1          46 INDEF           INDEF             2.0021742E+02
    169           0           0          47 INDEF             2.9635372E+01   1.7948393E+02
    170           1           1          47 INDEF           INDEF             1.7948393E+02
    171           2           1          47   8.2431281E-15   8.8960009E+00   1.7948393E+02
    172           3           1          47   1.4377991E-14   2.1233309E+01   1.7948393E+02
    173           0           0          48 INDEF             2.4948900E+01   9.2388756E+01
    174           1           1          48   4.7045252E-15   6.7362118E+00   9.2388756E+01
    175           2           1          48 INDEF           INDEF             9.2388756E+01
    176           3           1          48   1.0742079E-14   1.8724295E+01   9.2388756E+01
    177           0           0          49 INDEF             2.8142027E+01   9.2910149E+01
    178           1           1          49   1.8342725E-14   2.8142027E+01   9.2910149E+01
    179           2           1          49 INDEF           INDEF             9.2910149E+01
    180           3           1          49 INDEF           INDEF             9.2910149E+01
    181           0           0          50   7.6154106E-15   3.3637665E+01   6.6217499E+01
    182           1           1          50   1.5809218E-14   2.6124855E+01   6.6217499E+01
    183           2           1          50   1.3699376E-14   9.4783955E+00   6.6217499E+01
    184           3           1          50   1.4380625E-15   2.9681671E-02   6.6217499E+01
    185           0           0          51   5.5573700E-15   2.7597883E+01   1.2615884E+02
    186           1           1          51   5.7525489E-15   1.8414988E+01   1.2615884E+02
    187           2           1          51   4.1530652E-15   8.9347005E-01   1.2615884E+02
    188           3           1          51   5.6828842E-15   9.7156944E+00   1.2615884E+02
    189           0           0          53 INDEF             3.7104050E+01   8.1224167E+01
    190           1           1          53   1.3903624E-14   3.4032360E+01   8.1224167E+01
    191           2           1          53 INDEF           INDEF             8.1224167E+01
    192           3           1          53   4.9700903E-15   3.8765559E+00   8.1224167E+01
    193           0           0          54   5.3346876E-15   2.4241508E+01   1.8461235E+02
    194           1           1          54   7.4794119E-15   1.5199867E+01   1.8461235E+02
    195           2           1          54   9.2712627E-15   9.1449070E+00   1.8461235E+02
    196           3           1          54   2.4907942E-15   1.1922874E+00   1.8461235E+02
    197           0           0          58   4.7479055E-15   2.9005308E+01   6.2437748E+01
    198           1           1          58   5.3629412E-15   1.5547796E+01   6.2437748E+01
    199           2           1          58   3.8021496E-15   5.1402588E+00   6.2437748E+01
    200           3           1          58   4.8295612E-15   9.3410635E+00   6.2437748E+01
    201           0           0          59   6.8351510E-15   1.6350090E+01   3.2565128E+01
    202           1           1          59   7.9064139E-15   1.1369580E+01   3.2565128E+01
    203           2           1          59   5.1947188E-15   2.0414867E+00   3.2565128E+01
    204           3           1          59   6.6386237E-15   4.0347590E+00   3.2565128E+01
    205           0           0          60 INDEF             2.9922382E+01   7.0206627E+01
    206           1           1          60   1.7908465E-14   2.4053402E+01   7.0206627E+01
    207           2           1          60 INDEF           INDEF             7.0206627E+01
    208           3           1          60   1.0774999E-14   6.4460115E+00   7.0206627E+01
    209           0           0          61 INDEF             2.2207306E+01   1.2425377E+02
    210           1           1          61   9.7513829E-15   1.1266125E+01   1.2425377E+02
    211           2           1          61 INDEF           INDEF             1.2425377E+02
    212           3           1          61   1.2891500E-14   1.1356953E+01   1.2425377E+02
    213           0           0          63   3.6435330E-15   2.4789845E+01   4.2866798E+01
    214           1           1          63   6.7567344E-15   2.3833435E+01   4.2866798E+01
    215           2           1          63   2.5490474E-15   7.0485133E-01   4.2866798E+01
    216           3           1          63   1.9524484E-15   2.0589256E+00   4.2866798E+01
    217           0           0          64 INDEF             2.2524857E+01   7.6993744E+01
    218           1           1          64   7.1080549E-15   1.3203732E+01   7.6993744E+01
    219           2           1          64 INDEF           INDEF             7.6993744E+01
    220           3           1          64   7.7751865E-15   9.7457571E+00   7.6993744E+01
    221           0           0          65   7.6698461E-15   2.6642548E+01   5.2046566E+01
    222           1           1          65   1.4564516E-14   2.6466917E+01   5.2046566E+01
    223           2           1          65   3.4029043E-15   9.4136131E-01   5.2046566E+01
    224           3           1          65   9.5546045E-15   1.1800513E+00   5.2046566E+01
    225           0           0          66   7.1962445E-15   1.7188892E+01   6.6217499E+01
    226           1           1          66   6.5507042E-15   3.5674257E+00   6.6217499E+01
    227           2           1          66   1.9176955E-14   1.3768356E+01   6.6217499E+01
    228           3           1          66   4.2615642E-15   1.1419978E+00   6.6217499E+01
    229           0           0          67 INDEF             2.3985554E+01   2.8067215E+01
    230           1           1          67   8.2071097E-15   2.0552176E+01   2.8067215E+01
    231           2           1          67 INDEF           INDEF             2.8067215E+01
    232           3           1          67   4.1197036E-15   4.0630703E+00   2.8067215E+01
    233           0           0          68   4.6483783E-15   1.8784163E+01   4.6532246E+01
    234           1           1          68   8.8852045E-15   1.8299818E+01   4.6532246E+01
    235           2           1          68   3.4377241E-15   1.5682570E+00   4.6532246E+01
    236           3           1          68   2.2852642E-15   6.1035031E-01   4.6532246E+01
    237           0           0          69   4.5159206E-15   1.7862026E+01   7.9662895E+01
    238           1           1          69   6.2956312E-15   1.4543095E+01   7.9662895E+01
    239           2           1          69   3.6766041E-15   2.6973617E+00   7.9662895E+01
    240           3           1          69   3.1387860E-15   1.8856661E+00   7.9662895E+01
    241           0           0          70   5.9196587E-15   2.3390610E+01   8.2162621E+01
    242           1           1          70   6.1048129E-15   1.7300196E+01   8.2162621E+01
    243           2           1          70   5.1895481E-15   5.7833428E+00   8.2162621E+01
    244           3           1          70   7.7819610E-15   1.6013653E+00   8.2162621E+01
    245           0           0          73 INDEF             1.8347990E+01   7.4627563E+01
    246           1           1          73   9.3103973E-15   1.6811279E+01   7.4627563E+01
    247           2           1          73 INDEF           INDEF             7.4627563E+01
    248           3           1          73   5.6340735E-15   2.2319648E+00   7.4627563E+01
    249           0           0          74   7.4303678E-15   1.6659554E+01   6.6336670E+01
    250           1           1          74   7.6110357E-15   9.3756714E+00   6.6336670E+01
    251           2           1          74   3.5213889E-15   1.9915780E-01   6.6336670E+01
    252           3           1          74   1.0328633E-14   8.5134335E+00   6.6336670E+01
    253           0           0          75 INDEF             1.7555351E+01   6.5563614E+01
    254           1           1          75   5.5712554E-15   8.1383429E+00   6.5563614E+01
    255           2           1          75 INDEF           INDEF             6.5563614E+01
    256           3           1          75   8.1774526E-15   9.8283062E+00   6.5563614E+01
    257           0           0          76   4.5351453E-15   2.3470255E+01   8.2595100E+01
    258           1           1          76   5.4306421E-15   1.3512390E+01   8.2595100E+01
    259           2           1          76   4.3945026E-15   5.1335196E+00   8.2595100E+01
    260           3           1          76   3.5987927E-15   5.8301072E+00   8.2595100E+01
    261           0           0          77   8.1798632E-15   1.8096273E+01   1.5375658E+02
    262           1           1          77   1.0120257E-14   1.3412686E+01   1.5375658E+02
    263           2           1          77   4.1781137E-15   4.7916132E-01   1.5375658E+02
    264           3           1          77   8.8305302E-15   5.6019611E+00   1.5375658E+02
    265           0           0          79 INDEF             1.7391369E+01   1.8438809E+02
    266           1           1          79   1.3978076E-14   1.7391369E+01   1.8438809E+02
    267           2           1          79 INDEF           INDEF             1.8438809E+02
    268           3           1          79 INDEF           INDEF             1.8438809E+02
    269           0           0          80 INDEF             1.0499815E+01   1.6099530E+02
    270           1           1          80   8.3322157E-15   9.1039200E+00   1.6099530E+02
    271           2           1          80 INDEF           INDEF             1.6099530E+02
    272           3           1          80   3.9025654E-15   1.9388292E+00   1.6099530E+02
    273           0           0          81   6.9982823E-15   1.9937906E+01   9.1733200E+01
    274           1           1          81   5.9658873E-15   8.9279251E+00   9.1733200E+01
    275           2           1          81   1.0210002E-14   6.2924299E+00   9.1733200E+01
    276           3           1          81   7.4672925E-15   5.6294060E+00   9.1733200E+01
    277           0           0          82 INDEF             2.1734627E+01   6.6304756E+01
    278           1           1          82   1.2710047E-14   2.1899530E+01   6.6304756E+01
    279           2           1          82 INDEF           INDEF             6.6304756E+01
    280           3           1          82   4.2201828E-15   8.3631361E-01   6.6304756E+01
    281           0           0          83   8.3601076E-15   1.9694122E+01   5.2046566E+01
    282           1           1          83   2.0341364E-14   1.0426371E+01   5.2046566E+01
    283           2           1          83   1.0269786E-14   8.8204803E+00   5.2046566E+01
    284           3           1          83   4.5408721E-15   1.5797337E+00   5.2046566E+01
