552003584.760826       552004364.760826
552004424.760826       552006464.760826
552006524.760826       552006944.760826
552007004.760826       552007364.760826
552007424.760826       552007784.760826
552007844.760826       552009164.760826
552009224.760826       552012464.760826
552012524.760826       552012764.760826
552012824.760826       552016244.760826
552016304.760826       552024704.760826
552024764.760826       552024824.760826
552024884.760826       552028664.760826
552028724.760826       552029564.760826
552029624.760826       552031737.760826
