552003618.583265       552003858.583265
552003918.583265       552006438.583265
552006498.583265       552007818.583265
552007878.583265       552010698.583265
552010758.583265       552011538.583265
552011598.583265       552012138.583265
552012198.583265       552012978.583265
552013038.583265       552013518.583265
552013578.583265       552016098.583265
552016158.583265       552017838.583265
552017898.583265       552019338.583265
552019398.583265       552019638.583265
552019698.583265       552020658.583265
552020718.583265       552021798.583265
552021858.583265       552025998.583265
552026058.583265       552026358.583265
552026418.583265       552026658.583265
552026718.583265       552028098.583265
552028158.583265       552031742.583265
